1e-12	0.106433
0.01	0.106437
0.02	0.106444
0.03	0.106457
0.04	0.106475
0.05	0.106498
0.06	0.106526
0.07	0.106559
0.08	0.106597
0.09	0.10664
0.1	0.106689
0.11	0.106742
0.12	0.1068
0.13	0.106863
0.14	0.106931
0.15	0.107004
0.16	0.107081
0.17	0.107164
0.18	0.10725
0.19	0.107342
0.2	0.107438
0.21	0.107538
0.22	0.107643
0.23	0.107752
0.24	0.107866
0.25	0.107983
0.26	0.108105
0.27	0.108231
0.28	0.10836
0.29	0.108494
0.3	0.108631
0.31	0.108772
0.32	0.108917
0.33	0.109065
0.34	0.109216
0.35	0.109371
0.36	0.109529
0.37	0.10969
0.38	0.109854
0.39	0.110021
0.4	0.11019
0.41	0.110363
0.42	0.110537
0.43	0.110714
0.44	0.110894
0.45	0.111075
0.46	0.111259
0.47	0.111445
0.48	0.111632
0.49	0.111821
0.5	0.112012
0.51	0.112204
0.52	0.112397
0.53	0.112592
0.54	0.112787
0.55	0.112984
0.56	0.113181
0.57	0.113379
0.58	0.113578
0.59	0.113776
0.6	0.113976
0.61	0.114175
0.62	0.114374
0.63	0.114573
0.64	0.114772
0.65	0.114971
0.66	0.115168
0.67	0.115366
0.68	0.115562
0.69	0.115758
0.7	0.115952
0.71	0.116146
0.72	0.116338
0.73	0.116528
0.74	0.116717
0.75	0.116905
0.76	0.11709
0.77	0.117274
0.78	0.117456
0.79	0.117635
0.8	0.117812
0.81	0.117987
0.82	0.118159
0.83	0.118329
0.84	0.118496
0.85	0.11866
0.86	0.118821
0.87	0.118978
0.88	0.119133
0.89	0.119285
0.9	0.119433
0.91	0.119577
0.92	0.119718
0.93	0.119855
0.94	0.119989
0.95	0.120119
0.96	0.120244
0.97	0.120366
0.98	0.120484
0.99	0.120597
1	0.120706
1.01	0.120811
1.02	0.120911
1.03	0.121007
1.04	0.121098
1.05	0.121185
1.06	0.121267
1.07	0.121344
1.08	0.121417
1.09	0.121484
1.1	0.121547
1.11	0.121605
1.12	0.121657
1.13	0.121705
1.14	0.121748
1.15	0.121785
1.16	0.121818
1.17	0.121845
1.18	0.121867
1.19	0.121884
1.2	0.121895
1.21	0.121902
1.22	0.121903
1.23	0.121899
1.24	0.121889
1.25	0.121875
1.26	0.121855
1.27	0.121829
1.28	0.121799
1.29	0.121763
1.3	0.121722
1.31	0.121675
1.32	0.121624
1.33	0.121567
1.34	0.121505
1.35	0.121438
1.36	0.121365
1.37	0.121288
1.38	0.121205
1.39	0.121118
1.4	0.121025
1.41	0.120928
1.42	0.120825
1.43	0.120718
1.44	0.120606
1.45	0.120489
1.46	0.120367
1.47	0.120241
1.48	0.12011
1.49	0.119975
1.5	0.119835
1.51	0.119691
1.52	0.119542
1.53	0.119389
1.54	0.119232
1.55	0.119071
1.56	0.118905
1.57	0.118736
1.58	0.118563
1.59	0.118386
1.6	0.118205
1.61	0.118021
1.62	0.117833
1.63	0.117641
1.64	0.117446
1.65	0.117248
1.66	0.117047
1.67	0.116842
1.68	0.116635
1.69	0.116424
1.7	0.116211
1.71	0.115995
1.72	0.115776
1.73	0.115555
1.74	0.115331
1.75	0.115105
1.76	0.114876
1.77	0.114646
1.78	0.114413
1.79	0.114179
1.8	0.113943
1.81	0.113705
1.82	0.113465
1.83	0.113223
1.84	0.112981
1.85	0.112737
1.86	0.112491
1.87	0.112245
1.88	0.111997
1.89	0.111749
1.9	0.1115
1.91	0.11125
1.92	0.110999
1.93	0.110748
1.94	0.110496
1.95	0.110244
1.96	0.109992
1.97	0.10974
1.98	0.109487
1.99	0.109235
2	0.108982
2.01	0.10873
2.02	0.108479
2.03	0.108227
2.04	0.107976
2.05	0.107726
2.06	0.107476
2.07	0.107228
2.08	0.106979
2.09	0.106732
2.1	0.106486
2.11	0.106241
2.12	0.105997
2.13	0.105754
2.14	0.105513
2.15	0.105273
2.16	0.105034
2.17	0.104797
2.18	0.104562
2.19	0.104328
2.2	0.104096
2.21	0.103865
2.22	0.103636
2.23	0.10341
2.24	0.103185
2.25	0.102962
2.26	0.102741
2.27	0.102522
2.28	0.102306
2.29	0.102091
2.3	0.101879
2.31	0.101669
2.32	0.101461
2.33	0.101256
2.34	0.101053
2.35	0.100852
2.36	0.100654
2.37	0.100458
2.38	0.100264
2.39	0.100074
2.4	0.0998851
2.41	0.0996992
2.42	0.0995159
2.43	0.0993351
2.44	0.0991568
2.45	0.0989811
2.46	0.098808
2.47	0.0986374
2.48	0.0984694
2.49	0.098304
2.5	0.0981412
2.51	0.0979809
2.52	0.0978232
2.53	0.097668
2.54	0.0975154
2.55	0.0973653
2.56	0.0972176
2.57	0.0970725
2.58	0.0969298
2.59	0.0967896
2.6	0.0966518
2.61	0.0965164
2.62	0.0963833
2.63	0.0962526
2.64	0.0961242
2.65	0.0959981
2.66	0.0958741
2.67	0.0957524
2.68	0.0956329
2.69	0.0955154
2.7	0.0954
2.71	0.0952867
2.72	0.0951753
2.73	0.0950659
2.74	0.0949583
2.75	0.0948526
2.76	0.0947487
2.77	0.0946465
2.78	0.0945459
2.79	0.094447
2.8	0.0943496
2.81	0.0942538
2.82	0.0941594
2.83	0.0940663
2.84	0.0939746
2.85	0.0938841
2.86	0.0937948
2.87	0.0937067
2.88	0.0936196
2.89	0.0935334
2.9	0.0934482
2.91	0.0933639
2.92	0.0932803
2.93	0.0931975
2.94	0.0931153
2.95	0.0930337
2.96	0.0929525
2.97	0.0928718
2.98	0.0927914
2.99	0.0927114
3	0.0926315
3.01	0.0925517
3.02	0.092472
3.03	0.0923923
3.04	0.0923125
3.05	0.0922325
3.06	0.0921523
3.07	0.0920718
3.08	0.0919909
3.09	0.0919095
3.1	0.0918275
3.11	0.0917449
3.12	0.0916617
3.13	0.0915777
3.14	0.0914928
3.15	0.091407
3.16	0.0913202
3.17	0.0912324
3.18	0.0911434
3.19	0.0910532
3.2	0.0909618
3.21	0.090869
3.22	0.0907747
3.23	0.090679
3.24	0.0905817
3.25	0.0904828
3.26	0.0903822
3.27	0.0902799
3.28	0.0901757
3.29	0.0900696
3.3	0.0899616
3.31	0.0898515
3.32	0.0897394
3.33	0.0896251
3.34	0.0895086
3.35	0.0893899
3.36	0.0892688
3.37	0.0891454
3.38	0.0890195
3.39	0.0888912
3.4	0.0887603
3.41	0.0886268
3.42	0.0884907
3.43	0.0883519
3.44	0.0882103
3.45	0.088066
3.46	0.0879188
3.47	0.0877687
3.48	0.0876157
3.49	0.0874598
3.5	0.0873009
3.51	0.0871389
3.52	0.0869738
3.53	0.0868056
3.54	0.0866343
3.55	0.0864598
3.56	0.0862821
3.57	0.0861011
3.58	0.0859169
3.59	0.0857294
3.6	0.0855385
3.61	0.0853444
3.62	0.0851468
3.63	0.0849458
3.64	0.0847415
3.65	0.0845337
3.66	0.0843225
3.67	0.0841078
3.68	0.0838896
3.69	0.083668
3.7	0.0834429
3.71	0.0832142
3.72	0.0829821
3.73	0.0827464
3.74	0.0825073
3.75	0.0822646
3.76	0.0820184
3.77	0.0817687
3.78	0.0815154
3.79	0.0812587
3.8	0.0809984
3.81	0.0807346
3.82	0.0804674
3.83	0.0801966
3.84	0.0799224
3.85	0.0796448
3.86	0.0793636
3.87	0.0790791
3.88	0.0787911
3.89	0.0784998
3.9	0.078205
3.91	0.0779069
3.92	0.0776055
3.93	0.0773008
3.94	0.0769927
3.95	0.0766814
3.96	0.0763669
3.97	0.0760492
3.98	0.0757282
3.99	0.0754042
4	0.075077
4.01	0.0747468
4.02	0.0744135
4.03	0.0740771
4.04	0.0737378
4.05	0.0733956
4.06	0.0730505
4.07	0.0727025
4.08	0.0723516
4.09	0.071998
4.1	0.0716417
4.11	0.0712827
4.12	0.070921
4.13	0.0705567
4.14	0.0701898
4.15	0.0698204
4.16	0.0694486
4.17	0.0690743
4.18	0.0686977
4.19	0.0683187
4.2	0.0679375
4.21	0.067554
4.22	0.0671684
4.23	0.0667807
4.24	0.0663908
4.25	0.065999
4.26	0.0656052
4.27	0.0652095
4.28	0.064812
4.29	0.0644126
4.3	0.0640115
4.31	0.0636088
4.32	0.0632043
4.33	0.0627984
4.34	0.0623909
4.35	0.0619819
4.36	0.0615715
4.37	0.0611598
4.38	0.0607468
4.39	0.0603326
4.4	0.0599172
4.41	0.0595007
4.42	0.0590831
4.43	0.0586645
4.44	0.058245
4.45	0.0578246
4.46	0.0574034
4.47	0.0569814
4.48	0.0565587
4.49	0.0561353
4.5	0.0557114
4.51	0.0552869
4.52	0.054862
4.53	0.0544366
4.54	0.0540109
4.55	0.0535849
4.56	0.0531586
4.57	0.0527322
4.58	0.0523056
4.59	0.051879
4.6	0.0514523
4.61	0.0510257
4.62	0.0505991
4.63	0.0501728
4.64	0.0497466
4.65	0.0493207
4.66	0.0488951
4.67	0.0484698
4.68	0.048045
4.69	0.0476207
4.7	0.0471968
4.71	0.0467736
4.72	0.046351
4.73	0.0459291
4.74	0.0455079
4.75	0.0450875
4.76	0.0446679
4.77	0.0442492
4.78	0.0438314
4.79	0.0434146
4.8	0.0429988
4.81	0.0425841
4.82	0.0421705
4.83	0.0417581
4.84	0.0413469
4.85	0.0409369
4.86	0.0405283
4.87	0.0401209
4.88	0.039715
4.89	0.0393104
4.9	0.0389073
4.91	0.0385058
4.92	0.0381057
4.93	0.0377073
4.94	0.0373104
4.95	0.0369152
4.96	0.0365217
4.97	0.03613
4.98	0.03574
4.99	0.0353518
5	0.0349654
5.01	0.0345809
5.02	0.0341983
5.03	0.0338176
5.04	0.0334388
5.05	0.0330621
5.06	0.0326874
5.07	0.0323147
5.08	0.0319441
5.09	0.0315756
5.1	0.0312092
5.11	0.030845
5.12	0.030483
5.13	0.0301231
5.14	0.0297655
5.15	0.0294101
5.16	0.0290571
5.17	0.0287063
5.18	0.0283578
5.19	0.0280116
5.2	0.0276678
5.21	0.0273264
5.22	0.0269873
5.23	0.0266507
5.24	0.0263164
5.25	0.0259847
5.26	0.0256553
5.27	0.0253284
5.28	0.025004
5.29	0.0246821
5.3	0.0243627
5.31	0.0240458
5.32	0.0237315
5.33	0.0234196
5.34	0.0231103
5.35	0.0228036
5.36	0.0224994
5.37	0.0221978
5.38	0.0218987
5.39	0.0216023
5.4	0.0213084
5.41	0.0210171
5.42	0.0207284
5.43	0.0204423
5.44	0.0201588
5.45	0.0198779
5.46	0.0195996
5.47	0.0193239
5.48	0.0190508
5.49	0.0187803
5.5	0.0185124
5.51	0.0182472
5.52	0.0179845
5.53	0.0177245
5.54	0.017467
5.55	0.0172121
5.56	0.0169598
5.57	0.0167102
5.58	0.0164631
5.59	0.0162185
5.6	0.0159766
5.61	0.0157372
5.62	0.0155004
5.63	0.0152661
5.64	0.0150344
5.65	0.0148052
5.66	0.0145785
5.67	0.0143544
5.68	0.0141328
5.69	0.0139137
5.7	0.0136971
5.71	0.0134829
5.72	0.0132713
5.73	0.0130621
5.74	0.0128553
5.75	0.012651
5.76	0.0124492
5.77	0.0122497
5.78	0.0120527
5.79	0.011858
5.8	0.0116657
5.81	0.0114758
5.82	0.0112883
5.83	0.0111031
5.84	0.0109202
5.85	0.0107396
5.86	0.0105614
5.87	0.0103854
5.88	0.0102116
5.89	0.0100402
5.9	0.00987093
5.91	0.00970392
5.92	0.00953912
5.93	0.0093765
5.94	0.00921606
5.95	0.00905778
5.96	0.00890164
5.97	0.00874763
5.98	0.00859573
5.99	0.00844591
6	0.00829818
6.01	0.0081525
6.02	0.00800886
6.03	0.00786724
6.04	0.00772764
6.05	0.00759002
6.06	0.00745437
6.07	0.00732067
6.08	0.00718891
6.09	0.00705907
6.1	0.00693113
6.11	0.00680508
6.12	0.00668088
6.13	0.00655854
6.14	0.00643802
6.15	0.00631931
6.16	0.0062024
6.17	0.00608726
6.18	0.00597387
6.19	0.00586223
6.2	0.0057523
6.21	0.00564407
6.22	0.00553753
6.23	0.00543266
6.24	0.00532943
6.25	0.00522783
6.26	0.00512784
6.27	0.00502945
6.28	0.00493263
6.29	0.00483737
6.3	0.00474364
6.31	0.00465144
6.32	0.00456074
6.33	0.00447153
6.34	0.00438379
6.35	0.00429749
6.36	0.00421263
6.37	0.00412919
6.38	0.00404714
6.39	0.00396647
6.4	0.00388717
6.41	0.00380921
6.42	0.00373258
6.43	0.00365726
6.44	0.00358324
6.45	0.0035105
6.46	0.00343901
6.47	0.00336878
6.48	0.00329976
6.49	0.00323197
6.5	0.00316536
6.51	0.00309993
6.52	0.00303567
6.53	0.00297256
6.54	0.00291057
6.55	0.0028497
6.56	0.00278993
6.57	0.00273124
6.58	0.00267362
6.59	0.00261705
6.6	0.00256152
6.61	0.00250701
6.62	0.00245351
6.63	0.00240101
6.64	0.00234948
6.65	0.00229891
6.66	0.0022493
6.67	0.00220061
6.68	0.00215285
6.69	0.002106
6.7	0.00206003
6.71	0.00201495
6.72	0.00197073
6.73	0.00192736
6.74	0.00188483
6.75	0.00184313
6.76	0.00180223
6.77	0.00176214
6.78	0.00172283
6.79	0.0016843
6.8	0.00164652
6.81	0.0016095
6.82	0.00157321
6.83	0.00153764
6.84	0.00150279
6.85	0.00146863
6.86	0.00143517
6.87	0.00140238
6.88	0.00137025
6.89	0.00133878
6.9	0.00130796
6.91	0.00127776
6.92	0.00124819
6.93	0.00121922
6.94	0.00119086
6.95	0.00116308
6.96	0.00113589
6.97	0.00110926
6.98	0.00108319
6.99	0.00105767
7	0.00103268
7.01	0.00100823
7.02	0.000984295
7.03	0.00096087
7.04	0.000937945
7.05	0.000915512
7.06	0.000893562
7.07	0.000872085
7.08	0.000851072
7.09	0.000830516
7.1	0.000810407
7.11	0.000790737
7.12	0.000771498
7.13	0.000752682
7.14	0.000734281
7.15	0.000716286
7.16	0.00069869
7.17	0.000681485
7.18	0.000664664
7.19	0.000648219
7.2	0.000632143
7.21	0.000616428
7.22	0.000601068
7.23	0.000586056
7.24	0.000571384
7.25	0.000557046
7.26	0.000543036
7.27	0.000529346
7.28	0.00051597
7.29	0.000502902
7.3	0.000490136
7.31	0.000477665
7.32	0.000465484
7.33	0.000453586
7.34	0.000441966
7.35	0.000430618
7.36	0.000419536
7.37	0.000408716
7.38	0.00039815
7.39	0.000387835
7.4	0.000377764
7.41	0.000367933
7.42	0.000358336
7.43	0.000348969
7.44	0.000339827
7.45	0.000330904
7.46	0.000322197
7.47	0.0003137
7.48	0.000305409
7.49	0.00029732
7.5	0.000289427
7.51	0.000281728
7.52	0.000274217
7.53	0.000266891
7.54	0.000259745
7.55	0.000252775
7.56	0.000245978
7.57	0.000239349
7.58	0.000232885
7.59	0.000226583
7.6	0.000220438
7.61	0.000214447
7.62	0.000208607
7.63	0.000202913
7.64	0.000197364
7.65	0.000191955
7.66	0.000186683
7.67	0.000181545
7.68	0.000176538
7.69	0.00017166
7.7	0.000166906
7.71	0.000162275
7.72	0.000157762
7.73	0.000153366
7.74	0.000149084
7.75	0.000144913
7.76	0.000140851
7.77	0.000136894
7.78	0.000133041
7.79	0.000129288
7.8	0.000125634
7.81	0.000122077
7.82	0.000118613
7.83	0.00011524
7.84	0.000111957
7.85	0.000108761
7.86	0.00010565
7.87	0.000102623
7.88	9.96757e-05
7.89	9.68078e-05
7.9	9.4017e-05
7.91	9.13013e-05
7.92	8.86589e-05
7.93	8.60879e-05
7.94	8.35867e-05
7.95	8.11534e-05
7.96	7.87863e-05
7.97	7.64839e-05
7.98	7.42444e-05
7.99	7.20664e-05
8	6.99481e-05
8.01	6.78882e-05
8.02	6.58852e-05
8.03	6.39375e-05
8.04	6.20438e-05
8.05	6.02028e-05
8.06	5.84129e-05
8.07	5.6673e-05
8.08	5.49818e-05
8.09	5.33379e-05
8.1	5.17402e-05
8.11	5.01875e-05
8.12	4.86785e-05
8.13	4.72122e-05
8.14	4.57874e-05
8.15	4.44031e-05
8.16	4.30581e-05
8.17	4.17515e-05
8.18	4.04822e-05
8.19	3.92492e-05
8.2	3.80516e-05
8.21	3.68884e-05
8.22	3.57587e-05
8.23	3.46616e-05
8.24	3.35962e-05
8.25	3.25617e-05
8.26	3.15572e-05
8.27	3.0582e-05
8.28	2.96352e-05
8.29	2.87161e-05
8.3	2.78239e-05
8.31	2.69579e-05
8.32	2.61173e-05
8.33	2.53015e-05
8.34	2.45098e-05
8.35	2.37414e-05
8.36	2.29959e-05
8.37	2.22725e-05
8.38	2.15706e-05
8.39	2.08896e-05
8.4	2.0229e-05
8.41	1.95882e-05
8.42	1.89665e-05
8.43	1.83636e-05
8.44	1.77788e-05
8.45	1.72116e-05
8.46	1.66616e-05
8.47	1.61283e-05
8.48	1.56111e-05
8.49	1.51097e-05
8.5	1.46235e-05
8.51	1.41521e-05
8.52	1.36952e-05
8.53	1.32523e-05
8.54	1.2823e-05
8.55	1.24069e-05
8.56	1.20035e-05
8.57	1.16127e-05
8.58	1.12339e-05
8.59	1.08669e-05
8.6	1.05113e-05
8.61	1.01667e-05
8.62	9.83287e-06
8.63	9.50946e-06
8.64	9.19617e-06
8.65	8.89269e-06
8.66	8.59874e-06
8.67	8.31404e-06
8.68	8.03831e-06
8.69	7.77128e-06
8.7	7.5127e-06
8.71	7.26232e-06
8.72	7.01988e-06
8.73	6.78515e-06
8.74	6.5579e-06
8.75	6.3379e-06
8.76	6.12494e-06
8.77	5.9188e-06
8.78	5.71927e-06
8.79	5.52616e-06
8.8	5.33927e-06
8.81	5.15841e-06
8.82	4.98339e-06
8.83	4.81404e-06
8.84	4.65018e-06
8.85	4.49165e-06
8.86	4.33828e-06
8.87	4.18991e-06
8.88	4.04639e-06
8.89	3.90756e-06
8.9	3.77328e-06
8.91	3.64342e-06
8.92	3.51782e-06
8.93	3.39637e-06
8.94	3.27892e-06
8.95	3.16536e-06
8.96	3.05556e-06
8.97	2.9494e-06
8.98	2.84677e-06
8.99	2.74756e-06
9	2.65165e-06
9.01	2.55895e-06
9.02	2.46936e-06
9.03	2.38276e-06
9.04	2.29908e-06
9.05	2.21821e-06
9.06	2.14006e-06
9.07	2.06456e-06
9.08	1.9916e-06
9.09	1.92112e-06
9.1	1.85302e-06
9.11	1.78724e-06
9.12	1.7237e-06
9.13	1.66233e-06
9.14	1.60305e-06
9.15	1.5458e-06
9.16	1.49051e-06
9.17	1.43712e-06
9.18	1.38556e-06
9.19	1.33578e-06
9.2	1.28771e-06
9.21	1.24131e-06
9.22	1.19651e-06
9.23	1.15326e-06
9.24	1.11152e-06
9.25	1.07123e-06
9.26	1.03234e-06
9.27	9.94801e-07
9.28	9.58579e-07
9.29	9.23624e-07
9.3	8.89894e-07
9.31	8.57349e-07
9.32	8.25948e-07
9.33	7.95652e-07
9.34	7.66426e-07
9.35	7.38232e-07
9.36	7.11036e-07
9.37	6.84803e-07
9.38	6.59502e-07
9.39	6.35101e-07
9.4	6.11568e-07
9.41	5.88875e-07
9.42	5.66992e-07
9.43	5.45892e-07
9.44	5.25549e-07
9.45	5.05935e-07
9.46	4.87027e-07
9.47	4.68799e-07
9.48	4.51229e-07
9.49	4.34293e-07
9.5	4.1797e-07
9.51	4.02237e-07
9.52	3.87076e-07
9.53	3.72466e-07
9.54	3.58387e-07
9.55	3.44821e-07
9.56	3.31751e-07
9.57	3.19158e-07
9.58	3.07027e-07
9.59	2.9534e-07
9.6	2.84082e-07
9.61	2.73239e-07
9.62	2.62795e-07
9.63	2.52736e-07
9.64	2.43049e-07
9.65	2.3372e-07
9.66	2.24737e-07
9.67	2.16087e-07
9.68	2.07759e-07
9.69	1.99741e-07
9.7	1.92021e-07
9.71	1.8459e-07
9.72	1.77437e-07
9.73	1.70551e-07
9.74	1.63924e-07
9.75	1.57546e-07
9.76	1.51407e-07
9.77	1.455e-07
9.78	1.39815e-07
9.79	1.34345e-07
9.8	1.29082e-07
9.81	1.24019e-07
9.82	1.19147e-07
9.83	1.14461e-07
9.84	1.09953e-07
9.85	1.05616e-07
9.86	1.01445e-07
9.87	9.74338e-08
9.88	9.35758e-08
9.89	8.98656e-08
9.9	8.62978e-08
9.91	8.28671e-08
9.92	7.95685e-08
9.93	7.63969e-08
9.94	7.33478e-08
9.95	7.04165e-08
9.96	6.75987e-08
9.97	6.489e-08
9.98	6.22865e-08
9.99	5.97842e-08
10	5.73793e-08
10.01	5.50681e-08
10.02	5.28472e-08
10.03	5.0713e-08
10.04	4.86623e-08
10.05	4.66921e-08
10.06	4.47991e-08
10.07	4.29806e-08
10.08	4.12336e-08
10.09	3.95555e-08
10.1	3.79436e-08
10.11	3.63954e-08
10.12	3.49085e-08
10.13	3.34804e-08
10.14	3.21091e-08
10.15	3.07923e-08
10.16	2.95278e-08
10.17	2.83137e-08
10.18	2.71481e-08
10.19	2.6029e-08
10.2	2.49547e-08
10.21	2.39235e-08
10.22	2.29336e-08
10.23	2.19835e-08
10.24	2.10716e-08
10.25	2.01964e-08
10.26	1.93565e-08
10.27	1.85506e-08
10.28	1.77772e-08
10.29	1.70351e-08
10.3	1.63232e-08
10.31	1.56401e-08
10.32	1.49848e-08
10.33	1.43562e-08
10.34	1.37532e-08
10.35	1.31748e-08
10.36	1.26201e-08
10.37	1.20881e-08
10.38	1.15778e-08
10.39	1.10885e-08
10.4	1.06193e-08
10.41	1.01694e-08
10.42	9.73805e-09
10.43	9.32447e-09
10.44	8.92798e-09
10.45	8.54788e-09
10.46	8.18352e-09
10.47	7.83427e-09
10.48	7.49952e-09
10.49	7.17868e-09
10.5	6.87119e-09
10.51	6.57652e-09
10.52	6.29415e-09
10.53	6.02357e-09
10.54	5.76431e-09
10.55	5.51591e-09
10.56	5.27793e-09
10.57	5.04995e-09
10.58	4.83155e-09
10.59	4.62234e-09
10.6	4.42196e-09
10.61	4.23003e-09
10.62	4.04621e-09
10.63	3.87017e-09
10.64	3.70159e-09
10.65	3.54017e-09
10.66	3.38559e-09
10.67	3.2376e-09
10.68	3.0959e-09
10.69	2.96024e-09
10.7	2.83038e-09
10.71	2.70607e-09
10.72	2.58707e-09
10.73	2.47318e-09
10.74	2.36417e-09
10.75	2.25984e-09
10.76	2.16e-09
10.77	2.06446e-09
10.78	1.97304e-09
10.79	1.88556e-09
10.8	1.80187e-09
10.81	1.72179e-09
10.82	1.64519e-09
10.83	1.57191e-09
10.84	1.50181e-09
10.85	1.43476e-09
10.86	1.37063e-09
10.87	1.30929e-09
10.88	1.25063e-09
10.89	1.19454e-09
10.9	1.14089e-09
10.91	1.0896e-09
10.92	1.04056e-09
10.93	9.9367e-10
10.94	9.48842e-10
10.95	9.05986e-10
10.96	8.65019e-10
10.97	8.2586e-10
10.98	7.8843e-10
10.99	7.52655e-10
11	7.18465e-10
11.01	6.8579e-10
11.02	6.54565e-10
11.03	6.24728e-10
11.04	5.96218e-10
11.05	5.68977e-10
11.06	5.42952e-10
11.07	5.18088e-10
11.08	4.94336e-10
11.09	4.71647e-10
11.1	4.49974e-10
11.11	4.29274e-10
11.12	4.09503e-10
11.13	3.90621e-10
11.14	3.72589e-10
11.15	3.55369e-10
11.16	3.38927e-10
11.17	3.23227e-10
11.18	3.08237e-10
11.19	2.93926e-10
11.2	2.80264e-10
11.21	2.67221e-10
11.22	2.54771e-10
11.23	2.42888e-10
11.24	2.31545e-10
11.25	2.2072e-10
11.26	2.10389e-10
11.27	2.0053e-10
11.28	1.91122e-10
11.29	1.82145e-10
11.3	1.73579e-10
11.31	1.65407e-10
11.32	1.5761e-10
11.33	1.50172e-10
11.34	1.43077e-10
11.35	1.36309e-10
11.36	1.29853e-10
11.37	1.23696e-10
11.38	1.17824e-10
11.39	1.12224e-10
11.4	1.06883e-10
11.41	1.0179e-10
11.42	9.69345e-11
11.43	9.23046e-11
11.44	8.78904e-11
11.45	8.36821e-11
11.46	7.96703e-11
11.47	7.5846e-11
11.48	7.22007e-11
11.49	6.87261e-11
11.5	6.54146e-11
11.51	6.22585e-11
11.52	5.92509e-11
11.53	5.63847e-11
11.54	5.36536e-11
11.55	5.10513e-11
11.56	4.85719e-11
11.57	4.62097e-11
11.58	4.39593e-11
11.59	4.18155e-11
11.6	3.97734e-11
11.61	3.78283e-11
11.62	3.59756e-11
11.63	3.42111e-11
11.64	3.25307e-11
11.65	3.09304e-11
11.66	2.94065e-11
11.67	2.79555e-11
11.68	2.65739e-11
11.69	2.52585e-11
11.7	2.40062e-11
11.71	2.28141e-11
11.72	2.16792e-11
11.73	2.0599e-11
11.74	1.95708e-11
11.75	1.85922e-11
11.76	1.76608e-11
11.77	1.67745e-11
11.78	1.5931e-11
11.79	1.51285e-11
11.8	1.43648e-11
11.81	1.36383e-11
11.82	1.2947e-11
11.83	1.22894e-11
11.84	1.16639e-11
11.85	1.10688e-11
11.86	1.05029e-11
11.87	9.96455e-12
11.88	9.4526e-12
11.89	8.96574e-12
11.9	8.50277e-12
11.91	8.06254e-12
11.92	7.64397e-12
11.93	7.24601e-12
11.94	6.86767e-12
11.95	6.50801e-12
11.96	6.16612e-12
11.97	5.84115e-12
11.98	5.53228e-12
11.99	5.23874e-12
12	4.95978e-12
12.01	4.6947e-12
12.02	4.44281e-12
12.03	4.2035e-12
12.04	3.97613e-12
12.05	3.76014e-12
12.06	3.55496e-12
12.07	3.36008e-12
12.08	3.17498e-12
12.09	2.9992e-12
12.1	2.83228e-12
12.11	2.67378e-12
12.12	2.52329e-12
12.13	2.38043e-12
12.14	2.24481e-12
12.15	2.11609e-12
12.16	1.99393e-12
12.17	1.87799e-12
12.18	1.76799e-12
12.19	1.66363e-12
12.2	1.56462e-12
12.21	1.47071e-12
12.22	1.38166e-12
12.23	1.29721e-12
12.24	1.21714e-12
12.25	1.14125e-12
12.26	1.06932e-12
12.27	1.00116e-12
12.28	9.36581e-13
12.29	8.75417e-13
12.3	8.17497e-13
12.31	7.62662e-13
12.32	7.10764e-13
12.33	6.61658e-13
12.34	6.1521e-13
12.35	5.71292e-13
12.36	5.29782e-13
12.37	4.90564e-13
12.38	4.53529e-13
12.39	4.18573e-13
12.4	3.85598e-13
12.41	3.54511e-13
12.42	3.25224e-13
12.43	2.97654e-13
12.44	2.71722e-13
12.45	2.47353e-13
12.46	2.24479e-13
12.47	2.03032e-13
12.48	1.8295e-13
12.49	1.64175e-13
12.5	1.46652e-13
12.51	1.30328e-13
12.52	1.15156e-13
12.53	1.0109e-13
12.54	8.80872e-14
12.55	7.61088e-14
12.56	6.5118e-14
12.57	5.50809e-14
12.58	4.59659e-14
12.59	3.77444e-14
12.6	3.039e-14
12.61	2.38788e-14
12.62	1.8189e-14
12.63	1.33015e-14
12.64	9.19898e-15
12.65	5.8666e-15
12.66	3.29155e-15
12.67	1.46318e-15
12.68	3.72891e-16
12.69	1.41914e-17
