1e-12	6.03245e-26
0.01	6.03245e-06
0.02	2.41298e-05
0.03	5.42921e-05
0.04	9.65193e-05
0.05	0.000150811
0.06	0.000217168
0.07	0.00029559
0.08	0.000386077
0.09	0.000488629
0.1	0.000603245
0.11	0.000729927
0.12	0.000868673
0.13	0.00101948
0.14	0.00118236
0.15	0.0013573
0.16	0.00154431
0.17	0.00174338
0.18	0.00195452
0.19	0.00217772
0.2	0.00241298
0.21	0.00266031
0.22	0.00291971
0.23	0.00319117
0.24	0.00347469
0.25	0.00377028
0.26	0.00407794
0.27	0.00439766
0.28	0.00472944
0.29	0.00507329
0.3	0.00542921
0.31	0.00579719
0.32	0.00617723
0.33	0.00656934
0.34	0.00697352
0.35	0.00738976
0.36	0.00781806
0.37	0.00825843
0.38	0.00871086
0.39	0.00917536
0.4	0.00965193
0.41	0.0101406
0.42	0.0106413
0.43	0.011154
0.44	0.0116788
0.45	0.0122157
0.46	0.0127647
0.47	0.0133257
0.48	0.0138988
0.49	0.0144839
0.5	0.0150811
0.51	0.0156904
0.52	0.0163118
0.53	0.0169452
0.54	0.0175906
0.55	0.0182482
0.56	0.0189178
0.57	0.0195994
0.58	0.0202932
0.59	0.020999
0.6	0.0217168
0.61	0.0224468
0.62	0.0231888
0.63	0.0239428
0.64	0.0247089
0.65	0.0254871
0.66	0.0262774
0.67	0.0270797
0.68	0.0278941
0.69	0.0287205
0.7	0.029559
0.71	0.0304096
0.72	0.0312722
0.73	0.032147
0.74	0.0330337
0.75	0.0339326
0.76	0.0348435
0.77	0.0357664
0.78	0.0367015
0.79	0.0376486
0.8	0.0386077
0.81	0.0395789
0.82	0.0405622
0.83	0.0415576
0.84	0.042565
0.85	0.0435845
0.86	0.044616
0.87	0.0456597
0.88	0.0467153
0.89	0.0477831
0.9	0.0488629
0.91	0.0499548
0.92	0.0510587
0.93	0.0521747
0.94	0.0533028
0.95	0.0544429
0.96	0.0555951
0.97	0.0567594
0.98	0.0579357
0.99	0.0591241
1	0.0603245
1.01	0.0615371
1.02	0.0627617
1.03	0.0639983
1.04	0.065247
1.05	0.0665078
1.06	0.0677807
1.07	0.0690656
1.08	0.0703626
1.09	0.0716716
1.1	0.0729927
1.11	0.0743259
1.12	0.0756711
1.13	0.0770284
1.14	0.0783978
1.15	0.0797792
1.16	0.0811727
1.17	0.0825783
1.18	0.0839959
1.19	0.0854256
1.2	0.0868673
1.21	0.0883212
1.22	0.0897871
1.23	0.091265
1.24	0.092755
1.25	0.0942571
1.26	0.0957713
1.27	0.0972975
1.28	0.0988357
1.29	0.100386
1.3	0.101948
1.31	0.103523
1.32	0.105109
1.33	0.106708
1.34	0.108319
1.35	0.109941
1.36	0.111576
1.37	0.113223
1.38	0.114882
1.39	0.116553
1.4	0.118236
1.41	0.119931
1.42	0.121638
1.43	0.123358
1.44	0.125089
1.45	0.126832
1.46	0.128588
1.47	0.130355
1.48	0.132135
1.49	0.133927
1.5	0.13573
1.51	0.137546
1.52	0.139374
1.53	0.141214
1.54	0.143066
1.55	0.14493
1.56	0.146806
1.57	0.148694
1.58	0.150594
1.59	0.152506
1.6	0.154431
1.61	0.156367
1.62	0.158316
1.63	0.160276
1.64	0.162249
1.65	0.164234
1.66	0.16623
1.67	0.168239
1.68	0.17026
1.69	0.172293
1.7	0.174338
1.71	0.176395
1.72	0.178464
1.73	0.180545
1.74	0.182639
1.75	0.184744
1.76	0.186861
1.77	0.188991
1.78	0.191132
1.79	0.193286
1.8	0.195452
1.81	0.197629
1.82	0.199819
1.83	0.202021
1.84	0.204235
1.85	0.206461
1.86	0.208699
1.87	0.210949
1.88	0.213211
1.89	0.215485
1.9	0.217772
1.91	0.22007
1.92	0.22238
1.93	0.224703
1.94	0.227037
1.95	0.229384
1.96	0.231743
1.97	0.234114
1.98	0.236496
1.99	0.238891
2	0.241298
2.01	0.243717
2.02	0.246148
2.03	0.248591
2.04	0.251047
2.05	0.253514
2.06	0.255993
2.07	0.258485
2.08	0.260988
2.09	0.263504
2.1	0.266031
2.11	0.268571
2.12	0.271123
2.13	0.273686
2.14	0.276262
2.15	0.27885
2.16	0.28145
2.17	0.284062
2.18	0.286686
2.19	0.289323
2.2	0.291971
2.21	0.294631
2.22	0.297304
2.23	0.299988
2.24	0.302684
2.25	0.305393
2.26	0.308114
2.27	0.310846
2.28	0.313591
2.29	0.316348
2.3	0.319117
2.31	0.321898
2.32	0.324691
2.33	0.327496
2.34	0.330313
2.35	0.333142
2.36	0.335984
2.37	0.338837
2.38	0.341702
2.39	0.34458
2.4	0.347469
2.41	0.350371
2.42	0.353285
2.43	0.35621
2.44	0.359148
2.45	0.362098
2.46	0.36506
2.47	0.368034
2.48	0.37102
2.49	0.374018
2.5	0.377028
2.51	0.380051
2.52	0.383085
2.53	0.386131
2.54	0.38919
2.55	0.39226
2.56	0.395343
2.57	0.398438
2.58	0.401544
2.59	0.404663
2.6	0.407794
2.61	0.410937
2.62	0.414092
2.63	0.417259
2.64	0.420438
2.65	0.423629
2.66	0.426832
2.67	0.430048
2.68	0.433275
2.69	0.436514
2.7	0.439766
2.71	0.44303
2.72	0.446305
2.73	0.449593
2.74	0.452893
2.75	0.456204
2.76	0.459528
2.77	0.462864
2.78	0.466212
2.79	0.469572
2.8	0.472944
2.81	0.476329
2.82	0.479725
2.83	0.483133
2.84	0.486554
2.85	0.489986
2.86	0.493431
2.87	0.496887
2.88	0.500356
2.89	0.503837
2.9	0.507329
2.91	0.510834
2.92	0.514351
2.93	0.51788
2.94	0.521421
2.95	0.524974
2.96	0.52854
2.97	0.532117
2.98	0.535706
2.99	0.539307
3	0.542921
3.01	0.546546
3.02	0.550184
3.03	0.553834
3.04	0.557495
3.05	0.561169
3.06	0.564855
3.07	0.568553
3.08	0.572263
3.09	0.575985
3.1	0.579719
3.11	0.583465
3.12	0.587223
3.13	0.590994
3.14	0.594776
3.15	0.59857
3.16	0.602377
3.17	0.606195
3.18	0.610026
3.19	0.613869
3.2	0.617723
3.21	0.62159
3.22	0.625469
3.23	0.62936
3.24	0.633263
3.25	0.637178
3.26	0.641105
3.27	0.645044
3.28	0.648996
3.29	0.652959
3.3	0.656934
3.31	0.660922
3.32	0.664921
3.33	0.668933
3.34	0.672957
3.35	0.676992
3.36	0.68104
3.37	0.6851
3.38	0.689172
3.39	0.693256
3.4	0.697352
3.41	0.70146
3.42	0.70558
3.43	0.709712
3.44	0.713857
3.45	0.718013
3.46	0.722181
3.47	0.726362
3.48	0.730554
3.49	0.734759
3.5	0.738976
3.51	0.743204
3.52	0.747445
3.53	0.751698
3.54	0.755963
3.55	0.76024
3.56	0.764529
3.57	0.76883
3.58	0.773144
3.59	0.777469
3.6	0.781806
3.61	0.786156
3.62	0.790517
3.63	0.794891
3.64	0.799276
3.65	0.803674
3.66	0.808084
3.67	0.812505
3.68	0.816939
3.69	0.821385
3.7	0.825843
3.71	0.830313
3.72	0.834795
3.73	0.839289
3.74	0.843796
3.75	0.848314
3.76	0.852844
3.77	0.857387
3.78	0.861941
3.79	0.866508
3.8	0.871086
3.81	0.875677
3.82	0.88028
3.83	0.884895
3.84	0.889522
3.85	0.894161
3.86	0.898812
3.87	0.903475
3.88	0.90815
3.89	0.912837
3.9	0.917536
3.91	0.922248
3.92	0.926971
3.93	0.931707
3.94	0.936454
3.95	0.941214
3.96	0.945985
3.97	0.950769
3.98	0.955565
3.99	0.960373
4	0.965193
4.01	0.970025
4.02	0.974869
4.03	0.979725
4.04	0.984593
4.05	0.989473
4.06	0.994366
4.07	0.99927
4.08	1.00419
4.09	1.00912
4.1	1.01406
4.11	1.01901
4.12	1.02397
4.13	1.02895
4.14	1.03394
4.15	1.03894
4.16	1.04395
4.17	1.04898
4.18	1.05401
4.19	1.05906
4.2	1.06413
4.21	1.0692
4.22	1.07428
4.23	1.07938
4.24	1.08449
4.25	1.08961
4.26	1.09475
4.27	1.09989
4.28	1.10505
4.29	1.11022
4.3	1.1154
4.31	1.12059
4.32	1.1258
4.33	1.13102
4.34	1.13625
4.35	1.14149
4.36	1.14675
4.37	1.15201
4.38	1.15729
4.39	1.16258
4.4	1.16788
4.41	1.1732
4.42	1.17852
4.43	1.18386
4.44	1.18921
4.45	1.19458
4.46	1.19995
4.47	1.20534
4.48	1.21074
4.49	1.21615
4.5	1.22157
4.51	1.22701
4.52	1.23245
4.53	1.23791
4.54	1.24339
4.55	1.24887
4.56	1.25436
4.57	1.25987
4.58	1.26539
4.59	1.27092
4.6	1.27647
4.61	1.28202
4.62	1.28759
4.63	1.29317
4.64	1.29876
4.65	1.30437
4.66	1.30998
4.67	1.31561
4.68	1.32125
4.69	1.3269
4.7	1.33257
4.71	1.33825
4.72	1.34393
4.73	1.34964
4.74	1.35535
4.75	1.36107
4.76	1.36681
4.77	1.37256
4.78	1.37832
4.79	1.38409
4.8	1.38988
4.81	1.39567
4.82	1.40148
4.83	1.40731
4.84	1.41314
4.85	1.41898
4.86	1.42484
4.87	1.43071
4.88	1.43659
4.89	1.44249
4.9	1.44839
4.91	1.45431
4.92	1.46024
4.93	1.46618
4.94	1.47214
4.95	1.4781
4.96	1.48408
4.97	1.49007
4.98	1.49607
4.99	1.50209
5	1.50811
5.01	1.51415
5.02	1.5202
5.03	1.52627
5.04	1.53234
5.05	1.53843
5.06	1.54453
5.07	1.55064
5.08	1.55676
5.09	1.56289
5.1	1.56904
5.11	1.5752
5.12	1.58137
5.13	1.58756
5.14	1.59375
5.15	1.59996
5.16	1.60618
5.17	1.61241
5.18	1.61865
5.19	1.62491
5.2	1.63118
5.21	1.63746
5.22	1.64375
5.23	1.65005
5.24	1.65637
5.25	1.6627
5.26	1.66904
5.27	1.67539
5.28	1.68175
5.29	1.68813
5.3	1.69452
5.31	1.70092
5.32	1.70733
5.33	1.71375
5.34	1.72019
5.35	1.72664
5.36	1.7331
5.37	1.73957
5.38	1.74606
5.39	1.75255
5.4	1.75906
5.41	1.76558
5.42	1.77212
5.43	1.77866
5.44	1.78522
5.45	1.79179
5.46	1.79837
5.47	1.80496
5.48	1.81157
5.49	1.81819
5.5	1.82482
5.51	1.83146
5.52	1.83811
5.53	1.84478
5.54	1.85146
5.55	1.85815
5.56	1.86485
5.57	1.87156
5.58	1.87829
5.59	1.88503
5.6	1.89178
5.61	1.89854
5.62	1.90531
5.63	1.9121
5.64	1.9189
5.65	1.92571
5.66	1.93253
5.67	1.93937
5.68	1.94621
5.69	1.95307
5.7	1.95994
5.71	1.96683
5.72	1.97372
5.73	1.98063
5.74	1.98755
5.75	1.99448
5.76	2.00142
5.77	2.00838
5.78	2.01535
5.79	2.02233
5.8	2.02932
5.81	2.03632
5.82	2.04334
5.83	2.05037
5.84	2.0574
5.85	2.06446
5.86	2.07152
5.87	2.0786
5.88	2.08569
5.89	2.09279
5.9	2.0999
5.91	2.10702
5.92	2.11416
5.93	2.12131
5.94	2.12847
5.95	2.13564
5.96	2.14282
5.97	2.15002
5.98	2.15723
5.99	2.16445
6	2.17168
6.01	2.17893
6.02	2.18619
6.03	2.19345
6.04	2.20074
6.05	2.20803
6.06	2.21533
6.07	2.22265
6.08	2.22998
6.09	2.23732
6.1	2.24468
6.11	2.25204
6.12	2.25942
6.13	2.26681
6.14	2.27421
6.15	2.28163
6.16	2.28905
6.17	2.29649
6.18	2.30394
6.19	2.3114
6.2	2.31888
6.21	2.32636
6.22	2.33386
6.23	2.34137
6.24	2.34889
6.25	2.35643
6.26	2.36397
6.27	2.37153
6.28	2.3791
6.29	2.38669
6.3	2.39428
6.31	2.40189
6.32	2.40951
6.33	2.41714
6.34	2.42478
6.35	2.43244
6.36	2.4401
6.37	2.44778
6.38	2.45547
6.39	2.46318
6.4	2.47089
6.41	2.47862
6.42	2.48636
6.43	2.49411
6.44	2.50188
6.45	2.50965
6.46	2.51744
6.47	2.52524
6.48	2.53305
6.49	2.54088
6.5	2.54871
6.51	2.55656
6.52	2.56442
6.53	2.57229
6.54	2.58018
6.55	2.58807
6.56	2.59598
6.57	2.6039
6.58	2.61184
6.59	2.61978
6.6	2.62774
6.61	2.63571
6.62	2.64369
6.63	2.65168
6.64	2.65969
6.65	2.6677
6.66	2.67573
6.67	2.68377
6.68	2.69183
6.69	2.69989
6.7	2.70797
6.71	2.71606
6.72	2.72416
6.73	2.73227
6.74	2.7404
6.75	2.74854
6.76	2.75669
6.77	2.76485
6.78	2.77302
6.79	2.78121
6.8	2.78941
6.81	2.79762
6.82	2.80584
6.83	2.81407
6.84	2.82232
6.85	2.83058
6.86	2.83885
6.87	2.84713
6.88	2.85543
6.89	2.86373
6.9	2.87205
6.91	2.88038
6.92	2.88873
6.93	2.89708
6.94	2.90545
6.95	2.91383
6.96	2.92222
6.97	2.93062
6.98	2.93904
6.99	2.94746
7	2.9559
7.01	2.96435
7.02	2.97282
7.03	2.98129
7.04	2.98978
7.05	2.99828
7.06	3.00679
7.07	3.01532
7.08	3.02385
7.09	3.0324
7.1	3.04096
7.11	3.04953
7.12	3.05812
7.13	3.06671
7.14	3.07532
7.15	3.08394
7.16	3.09257
7.17	3.10122
7.18	3.10988
7.19	3.11854
7.2	3.12722
7.21	3.13592
7.22	3.14462
7.23	3.15334
7.24	3.16207
7.25	3.17081
7.26	3.17956
7.27	3.18833
7.28	3.1971
7.29	3.20589
7.3	3.2147
7.31	3.22351
7.32	3.23233
7.33	3.24117
7.34	3.25002
7.35	3.25888
7.36	3.26776
7.37	3.27664
7.38	3.28554
7.39	3.29445
7.4	3.30337
7.41	3.31231
7.42	3.32125
7.43	3.33021
7.44	3.33918
7.45	3.34816
7.46	3.35716
7.47	3.36616
7.48	3.37518
7.49	3.38421
7.5	3.39326
7.51	3.40231
7.52	3.41138
7.53	3.42046
7.54	3.42955
7.55	3.43865
7.56	3.44777
7.57	3.45689
7.58	3.46603
7.59	3.47518
7.6	3.48435
7.61	3.49352
7.62	3.50271
7.63	3.51191
7.64	3.52112
7.65	3.53034
7.66	3.53958
7.67	3.54883
7.68	3.55809
7.69	3.56736
7.7	3.57664
7.71	3.58594
7.72	3.59525
7.73	3.60457
7.74	3.6139
7.75	3.62324
7.76	3.6326
7.77	3.64197
7.78	3.65135
7.79	3.66074
7.8	3.67015
7.81	3.67956
7.82	3.68899
7.83	3.69843
7.84	3.70788
7.85	3.71735
7.86	3.72683
7.87	3.73632
7.88	3.74582
7.89	3.75533
7.9	3.76486
7.91	3.77439
7.92	3.78394
7.93	3.7935
7.94	3.80308
7.95	3.81266
7.96	3.82226
7.97	3.83187
7.98	3.84149
7.99	3.85113
8	3.86077
8.01	3.87043
8.02	3.8801
8.03	3.88978
8.04	3.89948
8.05	3.90918
8.06	3.9189
8.07	3.92863
8.08	3.93837
8.09	3.94813
8.1	3.95789
8.11	3.96767
8.12	3.97746
8.13	3.98727
8.14	3.99708
8.15	4.00691
8.16	4.01675
8.17	4.0266
8.18	4.03646
8.19	4.04634
8.2	4.05622
8.21	4.06612
8.22	4.07603
8.23	4.08596
8.24	4.09589
8.25	4.10584
8.26	4.1158
8.27	4.12577
8.28	4.13575
8.29	4.14575
8.3	4.15576
8.31	4.16578
8.32	4.17581
8.33	4.18585
8.34	4.19591
8.35	4.20598
8.36	4.21606
8.37	4.22615
8.38	4.23626
8.39	4.24637
8.4	4.2565
8.41	4.26664
8.42	4.27679
8.43	4.28696
8.44	4.29713
8.45	4.30732
8.46	4.31752
8.47	4.32774
8.48	4.33796
8.49	4.3482
8.5	4.35845
8.51	4.36871
8.52	4.37898
8.53	4.38927
8.54	4.39957
8.55	91.6473
8.56	90.0838
8.57	88.5436
8.58	87.0265
8.59	85.5322
8.6	4.4616
8.61	4.47199
8.62	4.48238
8.63	4.49279
8.64	4.5032
8.65	4.51363
8.66	4.52408
8.67	4.53453
8.68	4.545
8.69	4.55547
8.7	4.56597
8.71	4.57647
8.72	4.58698
8.73	4.59751
8.74	4.60805
8.75	4.6186
8.76	4.62916
8.77	4.63974
8.78	4.65032
8.79	4.66092
8.8	4.67153
8.81	4.68216
8.82	4.69279
8.83	4.70344
8.84	4.7141
8.85	4.72477
8.86	4.73545
8.87	4.74615
8.88	4.75686
8.89	4.76758
8.9	4.77831
8.91	4.78905
8.92	4.79981
8.93	4.81058
8.94	4.82136
8.95	4.83215
8.96	4.84295
8.97	4.85377
8.98	4.8646
8.99	4.87544
9	4.88629
9.01	4.89715
9.02	4.90803
9.03	4.91892
9.04	4.92982
9.05	4.94073
9.06	4.95166
9.07	4.96259
9.08	4.97354
9.09	4.9845
9.1	4.99548
9.11	5.00646
9.12	5.01746
9.13	5.02847
9.14	5.03949
9.15	5.05052
9.16	5.06157
9.17	5.07262
9.18	5.08369
9.19	5.09478
9.2	5.10587
9.21	5.11698
9.22	5.12809
9.23	5.13922
9.24	5.15037
9.25	5.16152
9.26	5.17269
9.27	5.18386
9.28	5.19505
9.29	5.20626
9.3	5.21747
9.31	5.2287
9.32	5.23994
9.33	5.25119
9.34	5.26245
9.35	5.27372
9.36	5.28501
9.37	5.29631
9.38	5.30762
9.39	5.31894
9.4	5.33028
9.41	5.34162
9.42	5.35298
9.43	5.36435
9.44	5.37574
9.45	5.38713
9.46	5.39854
9.47	5.40996
9.48	5.42139
9.49	5.43283
9.5	5.44429
9.51	5.45576
9.52	5.46724
9.53	5.47873
9.54	5.49023
9.55	5.50175
9.56	5.51328
9.57	5.52482
9.58	5.53637
9.59	5.54793
9.6	5.55951
9.61	5.5711
9.62	5.5827
9.63	5.59431
9.64	5.60594
9.65	5.61757
9.66	5.62922
9.67	5.64088
9.68	5.65255
9.69	5.66424
9.7	5.67594
9.71	5.68765
9.72	5.69937
9.73	5.7111
9.74	5.72285
9.75	5.7346
9.76	5.74637
9.77	5.75815
9.78	5.76995
9.79	5.78175
9.8	5.79357
9.81	5.8054
9.82	5.81724
9.83	5.82909
9.84	5.84096
9.85	5.85284
9.86	5.86473
9.87	5.87663
9.88	5.88854
9.89	5.90047
9.9	5.91241
9.91	5.92436
9.92	5.93632
9.93	5.9483
9.94	5.96028
9.95	5.97228
9.96	5.98429
9.97	5.99631
9.98	6.00835
9.99	6.0204
10	6.03245
10.01	6.04453
10.02	6.05661
10.03	6.0687
10.04	6.08081
10.05	6.09293
10.06	6.10506
10.07	6.1172
10.08	6.12936
10.09	6.14153
10.1	6.15371
10.11	6.1659
10.12	6.1781
10.13	6.19032
10.14	6.20255
10.15	6.21479
10.16	6.22704
10.17	6.2393
10.18	6.25158
10.19	6.26387
10.2	6.27617
10.21	6.28848
10.22	6.3008
10.23	6.31314
10.24	6.32549
10.25	6.33785
10.26	6.35022
10.27	6.36261
10.28	6.375
10.29	6.38741
10.3	6.39983
10.31	6.41226
10.32	6.42471
10.33	6.43717
10.34	6.44964
10.35	6.46212
10.36	6.47461
10.37	6.48711
10.38	6.49963
10.39	6.51216
10.4	6.5247
10.41	6.53726
10.42	6.54982
10.43	6.5624
10.44	6.57499
10.45	6.58759
10.46	6.60021
10.47	6.61283
10.48	6.62547
10.49	6.63812
10.5	6.65078
10.51	6.66346
10.52	6.67614
10.53	6.68884
10.54	6.70155
10.55	6.71427
10.56	6.72701
10.57	6.73975
10.58	6.75251
10.59	6.76528
10.6	6.77807
10.61	6.79086
10.62	6.80367
10.63	6.81649
10.64	6.82932
10.65	6.84216
10.66	6.85502
10.67	6.86788
10.68	6.88076
10.69	6.89365
10.7	6.90656
10.71	6.91947
10.72	6.9324
10.73	6.94534
10.74	6.95829
10.75	6.97126
10.76	6.98423
10.77	6.99722
10.78	7.01022
10.79	7.02323
10.8	7.03626
10.81	7.04929
10.82	7.06234
10.83	7.0754
10.84	7.08847
10.85	7.10156
10.86	7.11465
10.87	7.12776
10.88	7.14088
10.89	7.15401
10.9	7.16716
10.91	7.18032
10.92	7.19349
10.93	7.20667
10.94	7.21986
10.95	7.23306
10.96	7.24628
10.97	7.25951
10.98	7.27275
10.99	7.28601
11	7.29927
11.01	7.31255
11.02	7.32584
11.03	7.33914
11.04	7.35245
11.05	7.36578
11.06	7.37912
11.07	7.39247
11.08	7.40583
11.09	7.4192
11.1	7.43259
11.11	7.44599
11.12	7.4594
11.13	7.47282
11.14	7.48625
11.15	7.4997
11.16	7.51316
11.17	7.52663
11.18	7.54011
11.19	7.5536
11.2	7.56711
11.21	7.58063
11.22	7.59416
11.23	7.6077
11.24	7.62126
11.25	7.63483
11.26	7.6484
11.27	7.662
11.28	7.6756
11.29	7.68921
11.3	7.70284
11.31	7.71648
11.32	7.73013
11.33	7.7438
11.34	7.75747
11.35	7.77116
11.36	7.78486
11.37	7.79857
11.38	7.81229
11.39	7.82603
11.4	7.83978
11.41	7.85354
11.42	7.86731
11.43	7.88109
11.44	7.89489
11.45	7.9087
11.46	7.92252
11.47	7.93635
11.48	7.9502
11.49	7.96405
11.5	7.97792
11.51	7.9918
11.52	8.00569
11.53	8.0196
11.54	8.03352
11.55	8.04745
11.56	8.06139
11.57	8.07534
11.58	8.0893
11.59	8.10328
11.6	8.11727
11.61	8.13127
11.62	8.14529
11.63	8.15931
11.64	8.17335
11.65	8.1874
11.66	8.20146
11.67	8.21553
11.68	8.22962
11.69	8.24372
11.7	8.25783
11.71	8.27195
11.72	8.28608
11.73	8.30023
11.74	8.31439
11.75	8.32856
11.76	8.34274
11.77	8.35693
11.78	8.37114
11.79	8.38536
11.8	8.39959
11.81	8.41383
11.82	8.42809
11.83	8.44235
11.84	8.45663
11.85	8.47092
11.86	8.48523
11.87	8.49954
11.88	8.51387
11.89	8.52821
11.9	8.54256
11.91	8.55692
11.92	8.5713
11.93	8.58569
11.94	8.60008
11.95	8.6145
11.96	8.62892
11.97	8.64336
11.98	8.6578
11.99	8.67226
12	8.68673
12.01	8.70122
12.02	8.71571
12.03	8.73022
12.04	8.74474
12.05	8.75928
12.06	8.77382
12.07	8.78838
12.08	8.80294
12.09	8.81752
12.1	8.83212
12.11	8.84672
12.12	8.86134
12.13	8.87597
12.14	8.89061
12.15	8.90526
12.16	8.91993
12.17	8.9346
12.18	8.94929
12.19	8.96399
12.2	8.97871
12.21	8.99343
12.22	9.00817
12.23	9.02292
12.24	9.03768
12.25	9.05245
12.26	9.06724
12.27	9.08204
12.28	9.09685
12.29	9.11167
12.3	9.1265
12.31	9.14135
12.32	9.1562
12.33	9.17107
12.34	9.18596
12.35	9.20085
12.36	9.21576
12.37	9.23068
12.38	9.24561
12.39	9.26055
12.4	9.2755
12.41	9.29047
12.42	9.30545
12.43	9.32044
12.44	9.33544
12.45	9.35046
12.46	9.36548
12.47	9.38052
12.48	9.39557
12.49	9.41064
12.5	9.42571
12.51	9.4408
12.52	9.4559
12.53	9.47101
12.54	9.48613
12.55	9.50127
12.56	9.51641
12.57	9.53157
12.58	9.54675
12.59	9.56193
12.6	9.57713
12.61	9.59233
12.62	9.60755
12.63	9.62278
12.64	9.63803
12.65	9.65329
12.66	9.66855
12.67	9.68383
12.68	9.69913
12.69	9.71443
